sitios=32;       // Número de sitios con biomasa
prepilas=10;     // Número de potenciales prepilas
pilas=19;        // Número de potenciales pilas
Krecogida=1;     // Tipos de máquina de recogidas, según sus capacidades volumétricas y velocidades
m=1;             // Número de máquinas trituradoras
alpha1=1000;     // Constante
alpha2=1000;     // Constante
alpha3=1000;     // Constante
alpha4=10000;    // Constante
alpha5=25000;    // Constante
alpha6=10000;    // Constante
alpha7=1500;     // Constante
cap=3;         // Capacidad volumétrica de las máquinas recolectoras
captri=100;      // Capacidad de procesamiento de la trituradora
CFk=25000;     // Costos fijos máquinas de recogida
CFex=45000;      // Costo fijo máquina excavadora
CFm=170000;      // Costo fijo máquina trituradora
hs=[
348
348
348
408
408
408
490
490
490
490
489
489
489
440
440
440
598
598
598
570
570
570
444
444
444
444
549
549
549
387
387
387
];
f=[
0
75000
75000
75000
75000
75000
75000
75000
75000
75000
75000
75000
75000
75000
75000
75000
75000
75000
75000
]; 
g=[
15000
15000
15000
15000
15000
15000
15000
15000
15000
15000
];
Tsrk=[
2.32	999	999	999	999	999	999	999	999	999
3.02	999	999	999	999	999	999	999	999	999
2.55	999	999	999	999	999	999	999	999	999
999	3.54	999	999	999	999	999	999	999	999
999	1.63	999	999	999	999	999	999	999	999
999	4.62	999	999	999	999	999	999	999	999
999	999	4.25	999	999	999	999	999	999	999
999	999	5.56	999	999	999	999	999	999	999
999	999	4.91	999	999	999	999	999	999	999
999	999	4.25	999	999	999	999	999	999	999
999	999	999	5.87	999	999	999	999	999	999
999	999	999	2.93	999	999	999	999	999	999
999	999	999	4.24	999	999	999	999	999	999
999	999	999	999	2.94	999	999	999	999	999
999	999	999	999	2.65	999	999	999	999	999
999	999	999	999	3.23	999	999	999	999	999
999	999	999	999	999	2.79	999	999	999	999
999	999	999	999	999	5.19	999	999	999	999
999	999	999	999	999	6.38	999	999	999	999
999	999	999	999	999	999	4.56	999	999	999
999	999	999	999	999	999	3.80	999	999	999
999	999	999	999	999	999	3.80	999	999	999
999	999	999	999	999	999	999	4.74	999	999
999	999	999	999	999	999	999	5.92	999	999
999	999	999	999	999	999	999	3.55	999	999
999	999	999	999	999	999	999	4.74	999	999
999	999	999	999	999	999	999	999	5.12	999
999	999	999	999	999	999	999	999	4.76	999
999	999	999	999	999	999	999	999	3.66	999
999	999	999	999	999	999	999	999	999	1.55
999	999	999	999	999	999	999	999	999	2.32
999	999	999	999	999	999	999	999	999	3.35
];
Tspk=[
999	9.28	7.19	999	999	999	999	999	999	999	999	999	999	999	999	999	999	999	999
999	9.51	11.60	999	999	999	999	999	999	999	999	999	999	999	999	999	999	999	999
999	5.34	11.14	999	999	999	999	999	999	999	999	999	999	999	999	999	999	999	999
999	10.88	5.17	3.81	999	999	999	999	999	999	999	999	999	999	999	999	999	999	999
999	7.07	8.70	6.26	999	999	999	999	999	999	999	999	999	999	999	999	999	999	999
999	3.26	12.51	8.16	999	999	999	999	999	999	999	999	999	999	999	999	999	999	999
999	5.23	999	7.85	10.14	999	999	999	999	999	999	999	999	999	999	999	999	999	999
999	5.89	999	16.35	12.10	999	999	999	999	999	999	999	999	999	999	999	999	999	999
999	10.14	999	16.35	7.19	999	999	999	999	999	999	999	999	999	999	999	999	999	999
999	9.48	999	9.81	5.23	999	999	999	999	999	999	999	999	999	999	999	999	999	999
999	999	999	3.91	14.67	6.52	4.89	13.69	999	999	999	999	999	999	999	999	999	999	999
999	999	999	6.19	8.15	12.71	8.15	9.78	999	999	999	999	999	999	999	999	999	999	999
999	999	999	11.08	7.17	14.67	8.48	4.56	999	999	999	999	999	999	999	999	999	999	999
999	999	999	999	999	999	6.47	9.11	6.17	8.82	999	999	999	999	999	999	999	999	999
999	999	999	999	999	999	9.41	4.70	9.70	4.12	999	999	999	999	999	999	999	999	999
999	999	999	999	999	999	10.29	8.53	6.17	5.00	999	999	999	999	999	999	999	999	999
999	999	7.18	15.16	999	8.38	999	999	999	999	9.18	13.97	999	999	999	999	999	999	999
999	999	13.57	19.15	999	8.78	999	999	999	999	9.18	7.98	999	999	999	999	999	999	999
999	999	8.38	7.98	999	5.19	999	999	999	999	16.76	16.36	999	999	999	999	999	999	999
999	999	999	999	999	5.70	5.70	999	12.16	999	999	10.64	15.58	999	999	999	999	999	999
999	999	999	999	999	11.78	13.68	999	9.12	999	999	6.08	7.60	999	999	999	999	999	999
999	999	999	999	999	12.92	11.78	999	4.94	999	999	11.02	9.50	999	999	999	999	999	999
999	999	999	999	999	999	999	999	5.03	15.69	999	999	3.85	3.55	999	999	999	999	999
999	999	999	999	999	999	999	999	8.58	17.76	999	999	6.81	5.03	999	999	999	999	999
999	999	999	999	999	999	999	999	7.40	13.91	999	999	9.77	8.58	999	999	999	999	999
999	999	999	999	999	999	999	999	5.62	7.10	999	999	12.43	12.73	999	999	999	999	999
999	999	999	999	999	999	999	999	999	999	5.86	15.74	999	999	4.76	8.78	15.37	999	999
999	999	999	999	999	999	999	999	999	999	9.88	6.22	999	999	13.54	14.64	7.32	999	999
999	999	999	999	999	999	999	999	999	999	11.71	12.08	999	999	12.44	8.42	9.15	999	999
999	999	999	999	999	999	999	999	999	999	999	6.45	5.93	6.71	999	999	2.58	2.84	5.16
999	999	999	999	999	999	999	999	999	999	999	4.90	3.35	4.90	999	999	4.13	6.19	8.00
999	999	999	999	999	999	999	999	999	999	999	9.55	4.64	4.13	999	999	6.45	6.19	4.13
];
Trpk=[
99	0.033	0.039	99	99	99	99	99	99	99	99	99	99	99	99	99	99	99	99
99	0.027	0.030	0.018	99	99	99	99	99	99	99	99	99	99	99	99	99	99	99
99	0.019	99	0.036	99	99	99	99	99	99	99	99	99	99	99	99	99	99	99
99	99	99	0.022	0.029	0.034	0.017	0.026	99	99	99	99	99	99	99	99	99	99	99
99	99	99	99	99	99	0.025	0.022	0.027	0.021	99	99	99	99	99	99	99	99	99
99	99	0.023	0.036	99	0.015	99	99	99	99	0.027	0.030	99	99	99	99	99	99	99
99	99	99	99	99	0.025	0.026	99	0.024	99	99	0.022	0.029	99	99	99	99	99	99
99	99	99	99	99	99	99	99	0.013	0.040	99	99	0.028	0.027	99	99	99	99	99
99	99	99	99	99	99	99	99	99	99	0.022	0.030	99	99	0.027	0.027	0.028	99	99
99	99	99	99	99	99	99	99	99	99	99	0.025	0.016	0.019	99	99	0.014	0.018	0.022
];
Tpq=[
0	0.018	0.257	0.146	0.157	999	999	0.257	999	999	999	999	999	999	999	999	999	999	999
0.018	0	0.239	0.132	0.286	0.236	999	999	999	999	999	999	999	999	999	999	999	999	999
0.257	0.239	0	0.111	0.268	0.218	999	999	999	999	0.129	0.268	999	999	0.189	999	999	999	999
0.146	0.132	0.111	0	0.154	0.104	0.179	0.171	999	999	0.239	0.214	999	999	999	999	999	999	999
0.157	0.286	0.268	0.154	0	0.261	0.221	0.100	999	0.186	999	999	999	999	999	999	999	999	999
999	0.236	0.218	0.104	0.261	0	0.071	0.193	0.221	999	0.150	0.111	0.225	999	0.211	999	0.175	0.218	999
999	999	999	0.179	0.221	0.071	0	0.121	0.146	0.282	0.221	0.182	0.239	999	999	999	999	999	999
0.257	999	999	0.171	0.100	0.193	0.121	0	0.221	0.086	999	999	999	999	999	999	999	999	999
999	999	999	999	999	0.221	0.146	0.221	0	0.132	999	0.204	0.089	0.118	999	999	999	999	0.243
999	999	999	999	0.186	999	0.282	0.086	0.132	0	999	999	0.225	999	999	999	999	999	999
999	999	0.129	0.239	999	0.150	0.221	999	999	999	0	0.143	0.254	999	0.061	0.175	0.207	0.246	999
999	999	0.268	0.214	999	0.111	0.182	999	0.204	999	0.143	0	0.114	0.139	0.204	0.232	0.064	0.107	0.179
999	999	999	999	999	0.225	0.239	999	0.089	0.225	0.254	0.114	0	0.025	999	999	0.179	0.218	0.150
999	999	999	999	999	999	999	999	0.118	999	999	0.139	0.025	0	999	999	999	0.200	0.125
999	999	0.189	999	999	0.211	999	999	999	999	0.061	0.204	999	999	0	0.114	0.279	999	999
999	999	999	999	999	999	999	999	999	999	0.175	0.232	999	999	0.114	0	0.164	0.207	999
999	999	999	999	999	0.175	999	999	999	999	0.207	0.064	0.179	999	0.279	0.164	0	0.039	0.114
999	999	999	999	999	0.218	999	999	999	999	0.246	0.107	0.218	0.200	999	0.207	0.039	0	0.075
999	999	999	999	999	999	999	999	0.243	999	999	0.179	0.150	0.125	999	999	0.114	0.075	0
];
Npq=[
0	0	0	0	308000	0	0	308000	0	0	0	0	0	0	0	0	0	0	0
0	0	0	0	0	0	0	0	0	0	0	0	0	0	0	0	0	0	0
0	0	0	0	0	0	0	0	0	0	0	0	0	0	0	0	0	0	0
0	0	0	0	0	0	0	336000	0	0	0	0	0	0	0	0	0	0	0
308000	0	0	0	0	0	0	0	0	0	0	0	0	0	0	0	0	0	0
0	0	0	0	0	0	0	0	0	0	294000	0	0	0	294000	0	0	0	0
0	0	0	0	0	0	0	0	0	0	294000	0	0	0	0	0	0	0	0
308000	0	0	336000	0	0	0	0	0	0	0	0	0	0	0	0	0	0	0
0	0	0	0	0	0	0	0	0	0	0	0	0	0	0	0	0	0	0
0	0	0	0	0	0	0	0	0	0	0	0	0	0	0	0	0	0	0
0	0	0	0	0	294000	294000	0	0	0	0	0	0	0	0	0	0	0	0
0	0	0	0	0	0	0	0	0	0	0	0	0	0	0	0	0	0	0
0	0	0	0	0	0	0	0	0	0	0	0	0	0	0	0	0	0	0
0	0	0	0	0	0	0	0	0	0	0	0	0	0	0	0	0	0	0
0	0	0	0	0	294000	0	0	0	0	0	0	0	0	0	0	0	0	0
0	0	0	0	0	0	0	0	0	0	0	0	0	0	0	0	0	0	0
0	0	0	0	0	0	0	0	0	0	0	0	0	0	0	0	0	0	0
0	0	0	0	0	0	0	0	0	0	0	0	0	0	0	0	0	0	0
0	0	0	0	0	0	0	0	0	0	0	0	0	0	0	0	0	0	0
];