sitios=16;       // Número de sitios con biomasa
prepilas=5;      // Número de potenciales prepilas
pilas=10;        // Número de potenciales pilas
Krecogida=1;     // Tipos de máquina de recogidas, según sus capacidades volumétricas y velocidades
m=1;             // Número de máquinas trituradoras
alpha1=16000;    // Constante
alpha2=16000;    // Constante
alpha3=5000;     // Constante
alpha4=1300000;  // Constante
alpha5=10000;    // Constante
alpha6=10000;    // Constante
alpha7=53000;    // Constante
cap=3;         // Capacidad volumétrica de las máquinas recolectoras
captri=100;      // Capacidad de procesamiento de la trituradora
CFk=25000;     // Costos fijos máquinas de recogida
CFex=45000;      // Costo fijo máquina excavadora
CFm=170000;      // Costo fijo máquina trituradora
hs=[
348
348
348
408
408
408
490
490
490
490
489
489
489
440
440
440
];
f=[
0
75000
75000
75000
75000
75000
75000
75000
75000
75000
];
g=[
15000
15000
15000
15000
15000
];
Tsrk=[
2.3	999	999	999	999
3.0	999	999	999	999
2.6	999	999	999	999
999	3.5	999	999	999
999	1.6	999	999	999
999	4.6	999	999	999
999	999	4.3	999	999
999	999	5.6	999	999
999	999	4.9	999	999
999	999	4.3	999	999
999	999	999	5.9	999
999	999	999	2.9	999
999	999	999	4.2	999
999	999	999	999	2.9
999	999	999	999	2.6
999	999	999	999	3.2
];
Tspk=[
999	9.3	7.2	999	999	999	999	999	999	999
999	9.5	11.6	999	999	999	999	999	999	999
999	5.3	11.1	999	999	999	999	999	999	999
999	10.9	5.2	3.8	999	999	999	999	999	999
999	7.1	8.7	6.3	999	999	999	999	999	999
999	3.3	12.5	8.2	999	999	999	999	999	999
999	5.2	999	7.8	10.1	999	999	999	999	999
999	5.9	999	16.4	12.1	999	999	999	999	999
999	10.1	999	16.4	7.2	999	999	999	999	999
999	9.5	999	9.8	5.2	999	999	999	999	999
999	999	999	3.9	14.7	6.5	4.9	13.7	999	999
999	999	999	6.2	8.2	12.7	8.2	9.8	999	999
999	999	999	11.1	7.2	14.7	8.5	4.6	999	999
999	999	999	999	999	999	6.5	9.1	6.2	8.8
999	999	999	999	999	999	9.4	4.7	9.7	4.1
999	999	999	999	999	999	10.3	8.5	6.2	5.0
];
Trpk=[
99	0.033	0.039	99	99	99	99	99	99	99
99	0.027	0.030	0.018	99	99	99	99	99	99
99	0.019	99	0.036	99	99	99	99	99	99
99	99	99	0.022	0.029	0.034	0.017	0.026	99	99
99	99	99	99	99	99	0.025	0.022	0.027	0.021
];
Tpq=[
0	0.02	0.26	0.15	0.16	0.25	0.32	0.26	0.47	0.34
0.02	0	0.24	0.13	0.29	0.24	0.31	0.24	0.45	0.33
0.26	0.24	0	0.11	0.27	0.22	0.29	0.37	0.44	0.45
0.15	0.13	0.11	0	0.15	0.10	0.18	0.17	0.33	0.26
0.16	0.29	0.27	0.15	0	0.26	0.22	0.10	0.32	0.19
0.25	0.24	0.22	0.10	0.26	0	0.07	0.19	0.22	0.28
0.32	0.31	0.29	0.18	0.22	0.07	0	0.12	0.15	0.28
0.26	0.24	0.37	0.17	0.10	0.19	0.12	0	0.22	0.09
0.47	0.45	0.44	0.33	0.32	0.22	0.15	0.22	0	0.13
0.34	0.33	0.45	0.26	0.19	0.28	0.28	0.09	0.13	0
];
Npq=[
0	0	0	0	308000	0	0	308000	0	0
0	0	0	0	0	0	0	0	0	0
0	0	0	0	0	0	0	0	0	0
0	0	0	0	0	0	0	336000	0	0
308000	0	0	0	0	0	0	0	0	0
0	0	0	0	0	0	0	0	0	0
0	0	0	0	0	0	0	0	0	0
308000	0	0	336000	0	0	0	0	0	0
0	0	0	0	0	0	0	0	0	0
0	0	0	0	0	0	0	0	0	0
];